2.766449009091659139e+00	2.109900910559540205e-04
4.687337558704589568e+00	1.132322740335384311e-04
6.667069532609252391e+00	6.742316608197833773e-05
8.652995556040854908e+00	4.599842767263006665e-05
1.067799044774463368e+01	3.212959896567243339e-05
1.258283568666310437e+01	2.412841357464129329e-05
1.453755034436339244e+01	1.834588904348788773e-05
1.650059109356505971e+01	1.434276527155014032e-05
1.848112931540222803e+01	1.128208249509851890e-05
2.044216183838622314e+01	9.116469815375177326e-06
2.237069727966600396e+01	7.429059394675622733e-06
2.433286637827409749e+01	6.151442257160034553e-06
2.633019262089781165e+01	5.087621436539668030e-06
2.827752694229070229e+01	4.275725692366673802e-06
3.021702624491575406e+01	3.595150455571938522e-06
3.216555714436933755e+01	3.055104615189042606e-06
3.411810869616009256e+01	2.599218837801108588e-06
3.607542355739618500e+01	2.222887900965432140e-06
3.803771018379882918e+01	1.911852314751003856e-06
4.000065005406411700e+01	1.672493760604931340e-06
4.194916470533509312e+01	1.464999456909050041e-06
4.389038118870110594e+01	1.288380450970430445e-06
4.585445318379596813e+01	1.130144841738399614e-06
4.780445866711644243e+01	9.988145669207408822e-07
4.975635944005266964e+01	8.808582142167609663e-07
5.172508198394858425e+01	7.762658891431851148e-07
5.368978998283395043e+01	6.844192918418695990e-07
5.563476185212449110e+01	5.967567820003687551e-07
5.758032152756251776e+01	5.224271567886212444e-07
5.952167290454028148e+01	4.565015616129386529e-07
6.148260732173254439e+01	3.948753999455652579e-07
6.344244709751544065e+01	3.377978111739406718e-07
6.540084765150150758e+01	2.967649294108416890e-07
6.735827960000908377e+01	2.647757156319369637e-07
6.931012136112180144e+01	2.324539613439689516e-07
7.126597850434744430e+01	2.058516718040923542e-07
7.320945561278632852e+01	1.876035029102749255e-07
7.516062917359562334e+01	1.778873920806412449e-07
7.711730104563297061e+01	1.694089258948266996e-07
7.906432917915859093e+01	1.611088196344323317e-07
8.101776944085982279e+01	1.536938461379720026e-07
8.297373143803505968e+01	1.449433198325330092e-07
8.493724251574209916e+01	1.393643011562990025e-07
8.689889983310706612e+01	1.386519768552764393e-07
8.885217277131125968e+01	1.409956442580808604e-07
9.079529233441881786e+01	1.542685353600584300e-07
9.274038871275969598e+01	1.708735997721050479e-07
9.469665148652323694e+01	1.942015753178244976e-07
9.665178564746608458e+01	2.113763937725270516e-07
9.860668844371639352e+01	2.177066312500854884e-07
1.005656432163731324e+02	2.142052859535996508e-07
1.025233935491532122e+02	1.991867793796631571e-07
1.044820006547038673e+02	1.771176562000892539e-07
1.064255543866716636e+02	1.508804019125216541e-07
1.083769996767538544e+02	1.266569944773974291e-07
1.103332819338490935e+02	9.987948215455432201e-08
1.122762567011030370e+02	7.253888401438665740e-08
1.142299505889513398e+02	4.764720176245857125e-08
1.161845941708898522e+02	2.245118420250735267e-08
1.181431398615956851e+02	3.279546197967088605e-09
1.200979427250146472e+02	-1.299725254761953545e-08
1.220438705343551504e+02	-2.423337278821828363e-08
1.240060868217183270e+02	-3.276667335752994998e-08
1.259584934853075140e+02	-4.082922452556971606e-08
1.279119722296068460e+02	-4.592578863133276041e-08
1.298671470170205566e+02	-5.302966063284063871e-08
1.318126413935215169e+02	-5.795143149766740112e-08
1.337717716474588485e+02	-6.093533814458516698e-08
1.357280367531938907e+02	-6.280272328377044780e-08
1.376751241200622928e+02	-6.345426356610027728e-08
1.396222305216122663e+02	-6.322033227355169205e-08
1.415737352078443507e+02	-6.294840223806206879e-08
1.435389358085752178e+02	-6.311609159703889549e-08
1.454975914009351357e+02	-6.070500586963950709e-08
1.474510007557747997e+02	-5.766324751901311305e-08
1.494053393426194702e+02	-5.206895728366319866e-08
1.513532193324795116e+02	-4.937256320223645271e-08
1.533015568815104643e+02	-4.647236486230270572e-08
1.552539916238027047e+02	-4.460175121334107139e-08
1.572015353558338120e+02	-4.329410938973188501e-08
1.591525805196842214e+02	-3.986137282140535152e-08
1.611172146735356421e+02	-3.828162662935411376e-08
1.630744331631938735e+02	-3.683482300870855595e-08
1.650224545547705759e+02	-3.636524629500470838e-08
1.669750935848125266e+02	-3.695324554653242060e-08
1.689336330473794590e+02	-3.626670292255702607e-08
1.708873559830289537e+02	-3.350209598298335491e-08
1.728303759508748669e+02	-2.899353221099407525e-08
1.747861554823722656e+02	-2.498809529319173190e-08
1.767493833256204141e+02	-2.017286623666982488e-08
1.787013022023145083e+02	-1.584639982075927883e-08
1.806517466801725789e+02	-1.363555348316525533e-08
1.826052581670591337e+02	-9.464509037578651152e-09
1.845568248961149891e+02	-1.013439121484506858e-08
1.865088271519656757e+02	-1.172937301553704276e-08
1.884580760843890062e+02	-1.291180318999895647e-08
1.904099144238453505e+02	-1.492770533117282425e-08
1.923685198100676814e+02	-1.591112425513434322e-08
1.943216753144575932e+02	-1.452588272776579742e-08
1.962712264739030559e+02	-1.324062560066419362e-08
1.982288357663781824e+02	-1.036217519754188558e-08
2.001826560592305668e+02	-6.982447169915941930e-09
2.021356499049609567e+02	-2.429655350593795563e-09
2.040909150248786261e+02	1.750140801688719168e-09
2.060425265480764381e+02	3.319421697382471969e-09
2.079951638105671918e+02	6.521163674454459271e-09
2.099499332212202773e+02	7.879404366303808916e-09
2.119009899202461042e+02	9.156355962527946052e-09
2.138517887152066521e+02	8.791638500239049394e-09
2.158024247465513952e+02	8.192020401737451238e-09
2.177555258833756682e+02	7.322459388101038505e-09
2.197123096162464435e+02	7.162670698915980898e-09
2.216673680999908242e+02	8.437933795078278261e-09
2.236225878658738679e+02	7.524129147127971722e-09
2.255783147803634563e+02	6.824269461208571386e-09
2.275310363611180264e+02	6.755121548113935366e-09
2.294848904494354827e+02	5.270281774684046236e-09
2.314357151183918404e+02	4.448019168705644667e-09
2.333817964787405970e+02	1.431510875050748380e-09
2.353366470135908060e+02	-2.278547196294688382e-09
2.372913547104220982e+02	-4.777779405700523290e-09
2.392441649191791555e+02	-7.027516788072105156e-09
2.412004000379743047e+02	-6.875208551342604953e-09
2.431567088748294054e+02	-7.519563142872382570e-09
2.451146191374633645e+02	-6.628211573744046069e-09
2.470599659799935353e+02	-5.913092371884382689e-09
2.490057137922078141e+02	-4.591763467562612466e-09
2.509601167585986445e+02	-3.603375618889998012e-09
2.529142853915838884e+02	-1.488148627065760383e-09
2.548702595608530714e+02	1.079798763653880716e-09
2.568223831392128318e+02	5.253082214065182782e-09
2.587790077020705439e+02	1.110681233337615159e-08
2.607392942412442949e+02	1.624363057480946293e-08
2.626875537446395583e+02	1.879293837630119454e-08
2.646349707640773090e+02	2.140985528154376718e-08
2.665906927023059438e+02	2.238890651239836649e-08
2.685446992742764678e+02	2.486359047698856691e-08
2.704962207679892572e+02	2.651518880282065627e-08
2.724484286849486239e+02	2.839804176184820404e-08
2.744025149636387937e+02	2.871404119997117586e-08
2.763555480121025312e+02	2.776362989851892895e-08
2.783061745795032493e+02	2.613213114178420058e-08
2.802605560790273103e+02	2.445394485690119590e-08
2.822150784519411673e+02	2.259482813278585411e-08
2.841706568362778853e+02	2.151449893650693986e-08
2.861254871045459822e+02	2.157619686020862123e-08
2.880777337832076910e+02	2.081283640926055161e-08
2.900326595037350330e+02	1.966071665703560422e-08
2.919891956151309955e+02	1.992025614060715615e-08
2.939385025051345792e+02	1.941455739933648204e-08
2.958870690552071778e+02	1.900115263274989517e-08
2.978377502780979285e+02	1.851807247703747851e-08
2.997941652006757636e+02	1.942829650994852162e-08
3.017526627798903291e+02	1.911715150041573308e-08
3.037024704504251531e+02	1.861054362470281308e-08
3.056528196838285112e+02	1.743605704463642913e-08
3.076032873411763831e+02	1.515955697567259750e-08
3.095581144559796485e+02	1.356381519140922034e-08
3.115135382641256001e+02	1.152844731896602660e-08
3.134621339645017883e+02	1.017717639854379888e-08
3.154171673299335339e+02	8.158186438433629485e-09
3.173750235502867554e+02	6.525617817234258198e-09
3.193276013599945600e+02	4.879845614146696058e-09
3.212813530795431234e+02	2.739461338267247842e-09
3.232360914472945410e+02	2.134831299521845931e-09
3.251880452423807810e+02	1.825774293645096352e-09
3.271390802644152700e+02	2.599977878818612809e-09
3.290903658230712949e+02	3.714744829151805841e-09
3.310436285622685091e+02	4.009101348878482631e-09
3.329996317389185378e+02	4.259358306001921959e-09
3.349540268865524126e+02	4.265655063842672342e-09
3.369064015208671776e+02	4.923434052505787199e-09
3.388595322551515210e+02	4.861876328463392645e-09
3.408121775231884953e+02	5.883867385664355180e-09
3.427678766039051652e+02	6.561294109956430020e-09
3.447206068963806729e+02	7.222312485673375330e-09
3.466672648472030573e+02	5.937467447433542887e-09
3.486183736288438695e+02	5.561548207100128296e-09
3.505737556768812055e+02	4.932553445651765625e-09
3.525311683909299632e+02	5.420594131684160600e-09
3.544815926291126971e+02	5.066072152884323710e-09
3.564322138494789556e+02	4.829830366028151929e-09
3.583915705624586394e+02	3.906369728661655126e-09
3.603457239931658478e+02	3.098228834902682038e-09
3.622978013770727443e+02	2.990852125517167507e-09
3.642512897794246669e+02	2.248740292787812161e-09
3.662078884621715815e+02	1.423062853612675471e-09
3.681600910398206565e+02	5.425854151470384173e-10
3.701081811297107720e+02	5.296429065850116006e-10
3.720595595371006539e+02	1.144008817283557251e-09
3.740146065854823973e+02	1.549442765452317858e-09
3.759683787060045574e+02	1.127631168575430173e-09
3.779195989220186220e+02	5.929082680070985857e-10
3.798735532022453754e+02	9.576545967137406628e-11
3.818290643277210279e+02	-2.375923001520428923e-10
3.837850443713498976e+02	-1.055770601468981313e-09
3.857338408830680692e+02	-1.822496782178805097e-09
3.876836729485384012e+02	-1.821449066688370160e-09
3.896391092643376624e+02	-1.524324031476832474e-09
3.915926404363733013e+02	-1.640810040137731792e-09
3.935454564298817672e+02	-1.673646144246239315e-09
3.954988798570397535e+02	-1.975125762334670249e-09
3.974534600301797695e+02	-2.206396310602396818e-09
3.994063514478193611e+02	-1.861835516366953218e-09
4.013612314496397175e+02	-1.344168750881893374e-09
4.033165700093140345e+02	-4.286444907723043389e-10
4.052674927436049757e+02	4.031219476015095266e-10
4.072182274983649108e+02	8.333217448176856613e-10
4.091716445203308581e+02	1.382273398767615527e-10
4.111254308194828013e+02	-2.961623936564846778e-12
4.130771715398492461e+02	1.239350116226978366e-09
4.150290926798780902e+02	1.107727891927132272e-09
4.169861113835411288e+02	-1.997124337810914045e-10
4.189414641916504820e+02	-1.683213387580079010e-09
4.208907148478552358e+02	-4.470973248664377646e-09
4.228431665456390078e+02	-5.804796889587675750e-09
4.247962579290647227e+02	-6.688698590503214909e-09
4.267501994427652789e+02	-7.143824555433591091e-09
4.287035386615452239e+02	-6.833760016649079211e-09
4.306538687858133585e+02	-7.011126740535897974e-09
4.326088243049742346e+02	-7.313823014363902006e-09
4.345627652579520941e+02	-8.023363849936475299e-09
4.365159669331371788e+02	-7.646023346828484751e-09
4.384702454235387563e+02	-7.365933331772854191e-09
4.404233296263836905e+02	-6.851157066428941068e-09
4.423755712953034731e+02	-6.631620867264893231e-09
4.443275892577876789e+02	-6.328072229842588206e-09
4.462825592589285861e+02	-5.483368499849644409e-09
4.482378647556922715e+02	-5.946518044166224001e-09
4.501889259569345541e+02	-6.400171358010229543e-09
4.521406508318411852e+02	-6.971487043132865435e-09
4.540949523580608798e+02	-7.632958931749158673e-09
4.560505206170541328e+02	-7.276949549029823892e-09
4.580034464371904619e+02	-7.266051403725250261e-09
4.599546662365949601e+02	-6.462664146105996161e-09
4.619087219363239569e+02	-4.980029561734969067e-09
4.638600691423736748e+02	-3.925049941034046022e-09
4.658087410087478588e+02	-2.915346302598025337e-09
4.677618959633312556e+02	-2.490074534180934756e-09
4.697172138623890874e+02	-2.173661851608081596e-09
4.716711028632814191e+02	-1.760800449611362525e-09
4.736253937592836678e+02	-5.652403012209828940e-10
4.755804707200063604e+02	-1.647984464539801496e-10
4.775363796539548389e+02	5.603594848104090639e-10
4.794886829411807412e+02	8.713688180208473176e-10
4.814387177853888602e+02	1.821480367630651972e-09
4.833936834461620151e+02	2.904643796081252923e-09
4.853471410057530306e+02	2.411114032857403943e-09
4.872967256839907009e+02	2.078913583181020274e-09
4.892502830899465494e+02	1.550667045510590004e-09
4.912054791305079107e+02	1.166400914995376336e-09
4.931581884925457189e+02	3.368251082627709903e-10
4.951086512281126488e+02	-1.035718769080520008e-10
4.970627823942236887e+02	-8.482206734479872809e-10
4.990197976558774826e+02	-1.921957153888296649e-09
5.009711998784830485e+02	-2.301817242222873286e-09
5.029225229645753075e+02	-4.675827899368411750e-09
5.048763799772611947e+02	-6.469754740996446518e-09
5.068289411276332999e+02	-7.741070465261048617e-09
5.087823712501031537e+02	-8.119939664297212090e-09
5.107350940518431344e+02	-8.452016262633132017e-09
5.126865892855885249e+02	-8.276700864946305012e-09
5.146400197556075682e+02	-7.853540342598934088e-09
5.165940282025366059e+02	-6.494201895780419302e-09
5.185492603409163621e+02	-4.727186947571265320e-09
5.205018058745423559e+02	-2.684197229106377926e-09
5.224513993814484820e+02	-7.967650104108780137e-10
5.244068816469202829e+02	-4.185308264492457196e-10
5.263637807493265655e+02	6.254068902736787187e-10
5.283137900828666034e+02	1.214885217724087131e-09
5.302662825356314897e+02	1.494557713044329667e-09
5.322215043512030661e+02	1.808944858891623370e-09
5.341747775255383885e+02	1.530277279530604672e-09
5.361278638118208164e+02	2.418872976432861344e-09
5.380789018285836391e+02	2.392852689697068937e-09
5.400345933808230257e+02	1.876123502534427846e-09
5.419867102801289320e+02	1.002958985823155909e-09
5.439356449955674861e+02	7.733350677446658996e-10
5.458900400052744999e+02	1.623981225343743576e-09
5.478444556706187996e+02	1.755124779867381884e-09
5.497975115362452243e+02	1.656841211809763700e-09
5.517506315993415456e+02	1.720941454834922898e-09
5.537049029855306799e+02	1.634377870735931133e-09
5.556576987001291172e+02	1.149893348903930970e-09
5.576103137151380906e+02	-1.286977247334360367e-10
5.595625820566107222e+02	-1.291584212831246233e-09
5.615157091884275360e+02	-1.766759745657730812e-09
5.634689632096665264e+02	-2.472482796689225511e-09
5.654208248094805640e+02	-3.049128197830692002e-09
5.673744727725506891e+02	-4.854367288206890583e-09
5.693282188449865089e+02	-6.601406190388729849e-09
5.712824434669512357e+02	-8.214741470972304736e-09
5.732364487409531648e+02	-1.076009545378209464e-08
5.751887375787576957e+02	-1.282012486056197567e-08
5.771420612514522190e+02	-1.498535661031651656e-08
5.790950826900025277e+02	-1.771911809140191841e-08
5.810467360596718436e+02	-1.951089895001801784e-08
5.830006627684692830e+02	-2.115006579686137427e-08
5.849550299814233085e+02	-2.283214059402462333e-08
5.869080408261287403e+02	-2.334917932636363123e-08
5.888585069970042696e+02	-2.328543560524231961e-08
5.908123589277861356e+02	-2.271628442900353744e-08
5.927677167806745047e+02	-2.219059469257126446e-08
5.947179488050365990e+02	-2.126412693096686292e-08
5.966700894346528230e+02	-2.104084949843852747e-08
5.986246710705379428e+02	-2.031298998547745942e-08
6.005814079233529128e+02	-2.087203537528120418e-08
6.025322375648862590e+02	-2.105503154654793533e-08
6.044805099889904341e+02	-2.159028500859733309e-08
6.064353104582855849e+02	-2.144264019453841092e-08
6.083909449535406111e+02	-2.148686239477128042e-08
6.103452471509485804e+02	-2.259473517526302461e-08
6.122974553692187101e+02	-2.325317948854459653e-08
6.142514706694025790e+02	-2.391025334309202368e-08
6.162070950741145907e+02	-2.397837092169147036e-08
6.181589551129633264e+02	-2.285604598355494906e-08
6.201099116504269659e+02	-2.182347160839545413e-08
6.220636357661501279e+02	-2.112781414388013582e-08
6.240156404134290824e+02	-2.058895152879466603e-08
6.259660954727903572e+02	-1.959854897892874601e-08
6.279194307491644622e+02	-1.802846702738652833e-08
6.298755980765429285e+02	-1.791476414075720497e-08
6.318287604212208635e+02	-1.742440781235950972e-08
6.337789199745210453e+02	-1.550851022281516610e-08
6.357322658127549175e+02	-1.319621958215206458e-08
6.376881111950070817e+02	-1.048293411449622854e-08
6.396424175677252606e+02	-7.939115419245273015e-09
6.415947517861086453e+02	-5.712992535470507734e-09
6.435494731534706716e+02	-4.205026133072794649e-09
6.455053177782580178e+02	-2.929584504805825802e-09
6.474541963362399883e+02	-2.344427032835991774e-09
6.494027092638082195e+02	-2.137779720579479753e-09
6.513594168325327018e+02	-1.439515175274430942e-09
6.533133368465753392e+02	-6.474594122206117084e-11
6.552622664413921711e+02	1.024108668007252589e-09
6.572153535439919096e+02	5.868454409676088413e-10
6.591681390298643919e+02	6.808681731801115430e-10
6.611211632013151984e+02	-2.626074144742366669e-11
6.630751479928804883e+02	7.725155925281088092e-11
6.650314535684655084e+02	-8.953121512021756751e-11
6.669864728997429211e+02	-4.002897276559175444e-10
6.689350324323066843e+02	-1.098832183599529180e-09
6.708879247112678286e+02	-1.475192585061834426e-09
6.728432138900076325e+02	-1.668792071647965570e-09
6.747974275033466256e+02	-2.028216520401412201e-09
6.767501721280445963e+02	-1.424986160380175636e-09
6.787015641507629198e+02	7.584707917284573465e-10
6.806530108392893226e+02	-4.786249445036769004e-10
6.826062695264619151e+02	1.902736373412607389e-09
6.845581205174651132e+02	2.935994316329078862e-09
6.865106508225408106e+02	4.827674454874787015e-09
6.884675179812876422e+02	6.157309457580850930e-09
6.904203036549549779e+02	7.446333522298488666e-09
6.923669376019454376e+02	8.122972056479091865e-09
6.943221189756003469e+02	6.461156660601470382e-09
6.962807403419576531e+02	4.057826584293994961e-09
6.982304047220942493e+02	7.063190967883586921e-10
7.001826110589486234e+02	-3.158132482621362261e-09
7.021343917900705947e+02	-4.564743827614799472e-09
7.040858532354600356e+02	-5.088745536458811068e-09
7.060336811920918763e+02	-4.176162430970815201e-09
7.079876375674951987e+02	-2.755968517831939732e-09
7.099486422404997938e+02	-5.390813467143588019e-11
7.118981991615048628e+02	1.399248117270231603e-09
7.138514411836287081e+02	1.703756635805644469e-09
7.158098410494061454e+02	2.532929224459230696e-09
7.177618302146711358e+02	1.593682500882323566e-09
7.197119385220905770e+02	2.857671184141993594e-09
7.216635022046936001e+02	3.874307776186853371e-09
7.236190395321269762e+02	5.636685335412713809e-09
7.255710466828518292e+02	1.048996798185833074e-08
7.275181864032140311e+02	1.601054534375101449e-08
7.294727247315717023e+02	1.865679380516316876e-08
7.314298925186303677e+02	2.335046699534735120e-08
7.333840798601252118e+02	2.757822591027690986e-08
7.353312356900180475e+02	2.915263064414340107e-08
7.372808553692691476e+02	2.666438812639629225e-08
7.392439064714645838e+02	2.568830401368306528e-08
7.411982761374752045e+02	2.490061648092813430e-08
7.431455896628990558e+02	2.226715514446324585e-08
7.451025600717106272e+02	1.727338782938568698e-08
7.470657021142548047e+02	1.578914340800875874e-08
7.490145808851439142e+02	1.535175117186144392e-08
7.509597924104092499e+02	1.709792384511005400e-08
7.529222025068194171e+02	1.672888831222167254e-08
7.548762648684013357e+02	1.668728276563964523e-08
7.568183627675138041e+02	1.680073914698328034e-08
7.587743657653625178e+02	1.521671470809875986e-08
7.607416603371675592e+02	1.577727047723199736e-08
7.626907293356841819e+02	1.975443240191023955e-08
7.646276075943184196e+02	1.958684846808204325e-08
7.665888182415238816e+02	2.352410576584925290e-08
7.685487468286604553e+02	2.440549894915304834e-08
7.704913213147063971e+02	2.078804266860897152e-08
7.724405853408195526e+02	1.774760770962596715e-08
7.744015840115954461e+02	1.590710324175769983e-08
7.763638355024324937e+02	1.520153491292072830e-08
7.783061518432734829e+02	9.359644075870957709e-09
7.802479239500033827e+02	1.031182919636831822e-08
7.822179948138071950e+02	7.021812497131035449e-09
7.841790808637260852e+02	-2.897163068722831665e-09
7.861110629318410474e+02	-1.229710439146466676e-08
7.880640784173066322e+02	-1.518467135061353006e-08
7.900404794570915783e+02	-2.037808107293717155e-08
7.919927957636906513e+02	-2.631335294637792296e-08
7.939182371553762323e+02	-2.243439650593959015e-08
7.958790738397202631e+02	-1.338610001336684033e-08
7.978648107455661602e+02	-1.275657100875674431e-08
7.997994435048149171e+02	-8.891019100163771313e-09
8.017158343608371069e+02	-6.797152588239768345e-09
8.036937606460363668e+02	3.520356147196464092e-09
8.056753326082704234e+02	6.804577807752189266e-09
8.076054364449355489e+02	9.506923463863323675e-09
8.095444653850773875e+02	1.880697402015148216e-08
8.115268575838358629e+02	1.675821163705648859e-08
8.134722583979394130e+02	1.407355325309633872e-08
8.153608900627607454e+02	9.077384465566548279e-09
8.173469031329929066e+02	1.374113624141078153e-08
8.193714798283410801e+02	4.887423078665627528e-09
8.212736333526673889e+02	-5.399628313867691418e-09
8.231417536481659454e+02	-1.214600334934686177e-08
8.251627261505042270e+02	-2.781482695372338298e-08
8.272265555286476229e+02	-5.305711524584131083e-08
8.290962732593571900e+02	-7.694837518531808250e-08
8.309289652909330925e+02	-8.802351815408766093e-08
8.329932743591101598e+02	-9.653058311194711887e-08
8.350868975102657714e+02	-1.029475115123444377e-07
8.368685082344677539e+02	-1.172528315029920069e-07
8.386609661442422521e+02	-1.157817852765426105e-07
8.408143021094601863e+02	-1.090016109845971333e-07
8.429679680799224570e+02	-1.073880489772234305e-07
8.446085198997200223e+02	-1.159855044967964086e-07
8.463768007029499358e+02	-9.599103409571371057e-08
8.486029183834751848e+02	-8.493785074451656400e-08
8.508153713271188963e+02	-7.609947875572320470e-08
8.525010820767307678e+02	-5.739957152128242926e-08
8.541750422055190484e+02	-4.721399680927816805e-08
8.564037771464838897e+02	-4.484379319934855854e-09
8.586282801990299731e+02	3.034386055084491337e-08
8.603980843524121838e+02	7.697963176704380441e-08
8.619334304162601939e+02	8.906901001364093448e-08
8.640546143155085019e+02	1.593875949742103722e-07
8.660254037844385948e+02	1.966015616972072166e-07
